46
86
69
49
78
86
80
89
42
66
89
48
60
87
69
75
84
73
75
75
74
77
54
54
64
66
78
54
80
80
89
60
79
86
48
89
65
75
71
63
89
73
65
68
75
84
80
88
86
87
85
71
60
50
89
88
86
83
67
72
73
82
85
70
59
60
48
56
54
83
70
78
80
57
86
76
86
56
86
79
76
69
83
85
86
59
65
83
60
77
48
81
65
81
87
59
62
71
72
51
75
65
77
82
82
58
63
87
70
67
63
84
87
74
75
73
89
78
80
81
85
84
84
70
83
72
78
80
52
67
87
86
52
89
84
62
79
75
84
86
55
82
77
77
78
88
77
62
86
78
74
89
71
75
56
48
84
71
73
55
66
53
85
87
51
88
56
61
88
48
81
73
74
71
70
76
45
79
59
77
56
57
79
54
81
86
62
64
76
64
40
50
75
89
67
84
59
88
70
46
58
70
82
63
84
54
64
88
85
79
54
69
84
66
86
89
83
82
84
72
70
63
84
60
76
59
78
82
75
74
50
64
68
57
80
67
55
81
75
86
78
87
84
80
59
86
61
84
79
74
84
65
79
73
80
57
84
84
86
61
88
59
69
83
78
62
80
42
57
82
52
84
88
88
80
88
75
67
77
78
89
51
78
48
60
86
58
80
84
73
53
77
75
47
76
69
66
77
53
46
82
63
79
71
75
84
76
76
66
84
88
77
64
62
64
72
62
84
72
55
47
80
61
65
58
75
74
71
81
60
72
85
72
83
53
76
82
62
76
68
75
81
70
66
86
52
63
77
82
80
64
87
59
84
75
58
85
67
76
85
48
51
77
63
59
84
49
75
64
60
56
82
70
56
74
66
84
88
63
63
82
87
59
81
62
58
74
87
81
81
78
64
76
84
66
68
74
64
87
82
58
80
72
80
56
87
66
88
71
71
65
69
45
56
56
64
67
69
76
88
80
52
74
78
86
63
89
78
81
70
86
66
47
78
82
69
61
80
89
78
70
72
55
83
59
80
61
47
72
88
65
77
49
79
70
81
84
63
79
63
79
82
72
57
76
52
66
80
79
63
68
85
50
61
84
59
79
61
80
84
76
59
86
44
80
75
86
64
60
51
55
84
66
77
86
68
54
85
73
61
78
66
88
53
89
78
79
72
64
81
59
75
88
62
87
66
57
86
85
59
88
80
77
51
89
72
71
75
84
42
87
74
71
62
56
75
81
74
57
56
87
82
68
75
88
73
52
85
61
79
89
86
82
68
68
63
81
88
48
83
82
58
61
70
76
65
82
42
83
88
75
54
74
83
76
85
76
54
73
76
81
89
62
55
69
82
81
60
75
87
60
78
71
69
77
82
57
88
73
81
45
81
67
80
55
88
86
88
79
49
89
65
70
80
77
87
84
87
66
58
78
77
60
61
74
86
52
72
73
81
67
66
59
48
59
81
73
50
71
81
69
89
56
58
67
43
69
83
70
88
77
78
60
65
65
89
83
80
82
71
88
81
60
61
74
86
89
68
77
81
83
69
82
84
80
76
67
76
71
60
62
69
75
71
85
63
80
71
69
78
62
61
62
89
88
71
89
86
65
73
84
82
88
89
70
52
51
54
81
83
79
63
82
61
78
49
60
79
50
88
61
75
78
78
75
43
78
86
77
63
85
85
87
45
59
68
82
42
83
89
65
58
89
81
80
55
53
72
76
88
54
73
84
83
71
79
69
55
82
63
80
64
75
73
77
66
66
73
70
77
88
78
80
70
72
62
68
86
74
80
53
76
73
76
62
89
87
79
67
72
65
72
88
76
71
85
54
73
67
89
76
84
72
59
83
86
66
80
84
40
67
57
61
72
86
75
57
44
81
84
65
56
70
50
70
63
60
87
64
87
50
79
57
69
82
88
75
78
85
89
83
79
48
44
88
72
77
68
77
56
74
84
80
80
81
72
77
75
81
87
78
73
67
80
