42
6
21
0
14
41
25
0
62
55
7
36
0
1
54
1
7
7
49
32
4
33
0
2
40
81
52
11
18
5
2
11
75
99
12
5
84
36
13
3
12
91
14
83
40
20
3
13
55
0
3
62
1
7
84
18
34
6
88
55
8
38
34
24
72
0
58
9
80
48
0
33
44
26
0
92
93
40
63
0
76
0
31
8
0
43
25
13
5
34
56
3
55
90
87
79
17
54
17
7
74
64
64
76
1
38
0
1
0
33
3
34
59
29
25
14
26
18
73
0
0
54
46
10
49
70
3
11
44
10
23
41
19
17
5
71
40
0
8
72
80
27
0
24
45
51
5
0
41
46
96
18
12
34
0
5
60
67
10
47
43
12
58
17
0
63
58
4
26
60
4
1
93
53
2
61
56
41
52
0
56
3
52
94
15
37
15
4
6
2
0
5
19
26
0
4
0
15
40
30
17
7
62
2
38
25
60
16
5
29
4
5
35
96
57
75
12
60
56
20
9
98
0
6
7
2
48
40
41
26
0
22
44
74
0
17
5
16
14
96
54
8
88
83
56
2
71
8
67
26
55
4
18
44
2
98
0
85
30
0
80
7
16
0
63
57
76
68
71
53
80
75
86
4
1
70
6
74
17
86
23
2
24
3
1
13
0
48
2
31
0
5
0
55
11
37
13
26
21
4
85
6
16
10
9
0
3
1
18
46
7
74
0
17
94
0
81
95
80
0
6
2
28
91
78
13
3
23
85
59
23
0
24
6
3
0
11
14
14
26
1
1
47
32
3
9
27
4
13
3
70
51
42
23
91
90
