1
12
8
0
4
0
3
28
13
18
22
14
5
0
8
13
0
1
0
14
5
25
6
9
2
6
20
1
5
26
0
26
4
22
5
14
2
10
12
13
0
20
14
17
0
8
0
0
13
18
11
19
18
0
21
0
15
3
0
4
5
15
17
8
26
28
1
8
10
17
19
0
13
7
5
6
21
9
26
26
2
5
5
24
3
1
2
4
27
11
2
24
19
0
29
5
22
18
2
0
14
5
4
15
28
29
7
6
6
0
1
27
7
0
2
24
7
25
18
6
4
23
6
17
14
17
0
6
10
0
0
0
1
12
13
0
28
9
2
3
10
5
2
1
14
0
18
10
1
4
26
18
0
6
2
0
1
0
28
18
4
10
0
1
9
8
0
19
3
0
4
10
21
1
2
3
18
25
6
0
3
1
0
17
18
1
3
3
5
28
0
10
9
7
13
2
17
29
6
8
10
2
10
0
9
9
16
29
2
16
7
9
20
17
2
9
0
0
6
4
11
24
0
4
3
23
1
0
7
0
18
8
18
0
29
10
10
21
11
8
8
0
9
22
11
0
2
0
29
0
6
10
22
4
0
2
17
4
25
10
5
7
26
4
28
8
0
6
12
1
6
0
6
20
27
25
10
0
1
0
9
12
0
19
15
0
10
6
13
10
4
17
24
0
1
21
4
29
19
29
6
20
0
22
0
5
0
0
15
23
20
2
22
1
1
1
2
14
25
2
5
29
10
6
13
0
1
24
13
29
10
5
10
25
17
3
0
3
22
7
7
29
16
11
2
10
3
0
10
7
0
2
3
20
2
1
27
2
0
5
1
0
1
18
2
10
0
2
0
4
22
6
18
17
4
4
8
8
0
4
22
25
23
5
18
16
1
22
23
0
26
11
0
15
9
10
7
4
1
12
6
1
1
0
10
0
0
15
28
2
7
16
7
14
0
21
0
22
4
4
0
0
3
0
16
0
10
25
9
3
0
14
3
0
1
2
6
22
4
29
1
21
14
6
0
8
0
12
9
0
5
17
0
18
4
29
18
2
21
17
9
4
18
12
20
15
14
6
17
9
1
11
0
29
23
4
3
0
3
0
2
26
4
3
5
1
24
2
24
5
13
10
3
16
8
2
5
0
0
4
7
0
0
1
21
23
15
0
2
1
1
15
21
16
23
3
15
3
14
15
21
12
8
0
13
16
0
0
5
18
7
16
1
19
2
14
27
18
2
2
4
0
17
3
0
2
0
11
0
1
2
4
6
9
6
14
11
24
0
0
18
10
0
17
3
29
5
0
8
0
5
14
25
25
0
7
9
25
12
11
19
29
26
0
19
22
0
0
0
0
7
0
1
3
20
15
5
2
11
20
10
7
28
16
0
1
2
20
6
28
21
15
1
22
9
0
17
1
9
2
0
2
4
4
8
7
0
27
28
16
0
10
7
11
12
0
10
8
6
3
1
20
1
14
2
18
4
19
13
2
20
18
2
0
2
12
24
0
19
23
5
12
1
20
0
11
20
6
5
29
0
28
27
17
4
7
24
0
5
22
4
2
2
26
22
14
0
16
0
13
5
6
2
0
13
14
9
1
23
3
25
0
13
8
12
3
19
1
0
6
9
8
7
2
9
15
0
14
18
0
0
1
17
20
16
2
1
19
0
0
8
25
22
0
7
18
0
0
1
8
16
0
8
6
19
9
13
0
0
29
1
28
15
8
3
0
0
24
2
1
22
0
10
28
1
1
29
17
4
0
2
23
1
4
6
0
0
1
1
0
27
25
7
10
0
24
4
16
25
11
0
12
0
3
21
25
20
17
10
4
20
27
20
9
12
2
7
0
0
23
25
11
5
0
7
1
9
28
0
9
3
16
26
3
8
25
2
16
2
16
23
3
12
17
7
9
0
7
14
19
8
1
13
22
1
0
4
0
1
5
16
16
2
17
13
4
7
1
8
20
4
2
27
1
